0	1.9E-5
1	1.9153421838E-5
2	1.9256717969E-5
3	1.9296823411E-5
4	1.9362937774E-5
5	1.9250244881E-5
6	1.9419487172E-5
7	1.9393916296E-5
8	1.9469970228E-5
9	1.9548546603E-5
10	1.9647455211E-5
11	1.9620105305E-5
12	1.9805089443E-5
13	2.0039069229E-5
14	2.0282195001E-5
15	2.0126706E-5
16	2.030684383E-5
17	2.0252377487E-5
18	2.0337832302E-5
19	2.0400725419E-5
20	2.032225039E-5
21	2.0356354011E-5
22	2.0310055739E-5
23	2.028070114E-5
24	2.0281467658E-5
25	2.039034432E-5
26	2.0569694333E-5
27	2.0536656292E-5
28	2.0449961757E-5
29	2.0364041955E-5
30	2.037351273E-5
31	2.036782214E-5
32	2.0452786943E-5
33	2.0638341069E-5
34	2.0903161895E-5
35	2.0976750905E-5
36	2.1054310076E-5
37	2.1234304925E-5
38	2.1333748126E-5
39	2.1352340541E-5
40	2.1535003668E-5
41	2.1525592809E-5
42	2.1615902351E-5
43	2.167606337E-5
44	2.1995596394E-5
45	2.1863818256E-5
46	2.1769323379E-5
47	2.1962298352E-5
48	2.1941665142E-5
49	2.1842184504E-5
50	2.1748412477E-5
51	2.1969230332E-5
52	2.2031629379E-5
53	2.2286183973E-5
54	2.23234394E-5
55	2.2459206053E-5
56	2.2480267173E-5
57	2.2442479929E-5
58	2.2469987078E-5
59	2.2572824009E-5
60	2.252551599E-5
61	2.260910226E-5
62	2.2641630739E-5
63	2.2734797584E-5
64	2.2688813857E-5
65	2.2635669476E-5
66	2.2581570294E-5
67	2.2573953541E-5
68	2.269436605E-5
69	2.2783944081E-5
70	2.2837114886E-5
71	2.3004630447E-5
72	2.3027784137E-5
73	2.320559321E-5
74	2.3136003627E-5
75	2.3221160953E-5
76	2.3290917624E-5
77	2.3192038128E-5
78	2.3215466223E-5
79	2.312516111E-5
80	2.3197947006E-5
81	2.3302478735E-5
82	2.347165109E-5
83	2.3661975819E-5
84	2.3775727177E-5
85	2.3580556718E-5
86	2.3636031394E-5
87	2.3600557304E-5
88	2.3646759332E-5
89	2.3913927269E-5
90	2.3800103221E-5
91	2.3949534478E-5
92	2.3898923393E-5
93	2.3934652618E-5
94	2.4030751737E-5
95	2.4193729706E-5
96	2.4205676952E-5
97	2.4293471224E-5
98	2.4364578775E-5
99	2.4586879184E-5
100	2.4605098485E-5
101	2.449745546E-5
102	2.4730572076E-5
103	2.4751190502E-5
104	2.4755541885E-5
105	2.4947952076E-5
106	2.4793628629E-5
107	2.491625397E-5
108	2.4996756265E-5
109	2.4862324484E-5
110	2.5020184544E-5
111	2.4912174216E-5
112	2.5117197787E-5
113	2.5309221037E-5
114	2.5390803378E-5
115	2.5261402409E-5
116	2.5401667134E-5
117	2.5342299195E-5
118	2.5696239694E-5
119	2.5848950432E-5
120	2.5925145772E-5
121	2.5928421135E-5
122	2.6101467094E-5
123	2.6051540556E-5
124	2.5834560567E-5
125	2.5801341615E-5
126	2.583771743E-5
127	2.6209122846E-5
128	2.6425483381E-5
129	2.6514713164E-5
130	2.6542782277E-5
131	2.6714395958E-5
132	2.6791841107E-5
133	2.6706764916E-5
134	2.6625150018E-5
135	2.6569026595E-5
136	2.6699415457E-5
137	2.691681221E-5
138	2.6777460212E-5
139	2.6710515555E-5
140	2.6555428685E-5
141	2.6594763525E-5
142	2.6800674716E-5
143	2.6864603773E-5
144	2.7041015617E-5
145	2.7128191692E-5
146	2.720530183E-5
147	2.7288718335E-5
148	2.7629192073E-5
149	2.7636106661E-5
150	2.7590702458E-5
151	2.7561786649E-5
152	2.7778229294E-5
153	2.760047896E-5
154	2.7699537056E-5
155	2.7893669341E-5
156	2.8132315828E-5
157	2.7966300278E-5
158	2.8249960912E-5
159	2.8263748446E-5
160	2.8369413308E-5
161	2.8354021963E-5
162	2.8553997574E-5
163	2.8542534188E-5
164	2.8633010925E-5
165	2.8667318697E-5
166	2.844532872E-5
167	2.8247778777E-5
168	2.8553773824E-5
169	2.8483460121E-5
170	2.8663261562E-5
171	2.8694901615E-5
172	2.8867558713E-5
173	2.9215363116E-5
174	2.9277984888E-5
175	2.9354106467E-5
176	2.9288928084E-5
177	2.9371498489E-5
178	2.9512155783E-5
179	2.938240818E-5
180	2.9591434143E-5
181	2.9668225998E-5
182	3.0099019135E-5
183	2.9990799563E-5
184	3.0151270291E-5
185	3.0025611745E-5
186	3.0370448514E-5
187	3.0454767761E-5
188	3.0583767237E-5
189	3.0482216863E-5
190	3.0465367716E-5
191	3.0493922016E-5
192	3.0663598885E-5
193	3.0639246227E-5
194	3.0528194931E-5
195	3.0394951262E-5
196	3.0275497238E-5
197	3.0260013326E-5
198	3.0086453086E-5
199	3.0194000771E-5
200	3.0209711384E-5
201	3.0030299095E-5
202	2.9892891957E-5
203	2.9898894635E-5
204	2.9880793786E-5
205	2.9708369883E-5
206	2.9498941833E-5
207	2.9546072339E-5
208	2.9501148313E-5
209	2.9489568035E-5
210	2.964956423E-5
211	3.0091764774E-5
212	3.0137349265E-5
213	3.0224809345E-5
214	3.0623557411E-5
215	3.0671722718E-5
216	3.1157258197E-5
217	3.0978860162E-5
218	3.0855444054E-5
219	3.1027122545E-5
220	3.1394728016E-5
221	3.1363028168E-5
222	3.1416243605E-5
223	3.1746051792E-5
224	3.1787889632E-5
225	3.1734330962E-5
226	3.1536847007E-5
227	3.1532461094E-5
228	3.175700489E-5
229	3.1859516165E-5
230	3.2059480858E-5
231	3.1947146382E-5
232	3.1905585511E-5
233	3.1826840638E-5
234	3.1897591554E-5
235	3.1921058749E-5
236	3.205005407E-5
237	3.2295609382E-5
238	3.2500029809E-5
239	3.2395351668E-5
240	3.2595071432E-5
241	3.2846670755E-5
242	3.2689061078E-5
243	3.2680092277E-5
244	3.2987800266E-5
245	3.3122971147E-5
246	3.3344024805E-5
247	3.3485786339E-5
248	3.342850075E-5
249	3.3559993601E-5
250	3.367698625E-5
251	3.3877225851E-5
252	3.3841723779E-5
253	3.38505788E-5
254	3.44083814E-5
255	3.4391278099E-5
256	3.4315946593E-5
257	3.4396585419E-5
258	3.4556488015E-5
259	3.4788787531E-5
260	3.509205317E-5
261	3.5063220623E-5
262	3.5059719461E-5
263	3.5134498971E-5
264	3.5411201301E-5
265	3.5388450519E-5
266	3.5373282213E-5
267	3.5674633252E-5
268	3.5722555567E-5
269	3.592312041E-5
270	3.5520829585E-5
271	3.5574361455E-5
272	3.5556223671E-5
273	3.5595182066E-5
274	3.5828342092E-5
275	3.6183141956E-5
276	3.594090227E-5
277	3.5975919179E-5
278	3.6119681302E-5
279	3.6435505378E-5
280	3.6567020522E-5
281	3.6879213099E-5
282	3.7198806079E-5
283	3.7517104397E-5
284	3.7282180704E-5
285	3.7412299258E-5
286	3.7886218525E-5
287	3.8110467728E-5
288	3.8374338238E-5
289	3.8246250907E-5
290	3.8514605503E-5
291	3.853855272E-5
292	3.8774186339E-5
293	3.8767843163E-5
294	3.8599333816E-5
295	3.8747146068E-5
296	3.8549025546E-5
297	3.8931350242E-5
298	3.9355837218E-5
299	3.9479994756E-5
300	3.9516079561E-5
301	3.9668576693E-5
302	3.9629033459E-5
303	3.9505443796E-5
304	3.9740482135E-5
305	3.9933050757E-5
306	4.0098758064E-5
307	4.0333706832E-5
308	4.0555737399E-5
309	4.0084566652E-5
310	4.040244626E-5
311	4.0360112813E-5
312	4.0446799268E-5
313	4.0560317793E-5
314	4.0615698696E-5
315	4.085890089E-5
316	4.1425849274E-5
317	4.1313516824E-5
318	4.1438468315E-5
319	4.1401642088E-5
320	4.1306131309E-5
321	4.1167401898E-5
322	4.1351691732E-5
323	4.1424470658E-5
324	4.1343920913E-5
325	4.1026850747E-5
326	4.1598993571E-5
327	4.180255875E-5
328	4.1806962961E-5
329	4.1673991319E-5
330	4.2076162731E-5
331	4.2541325103E-5
332	4.242410073E-5
333	4.2327431331E-5
334	4.250672873E-5
335	4.2575963171E-5
336	4.2584467017E-5
337	4.2619084156E-5
338	4.2502414646E-5
339	4.2520319255E-5
340	4.2690265851E-5
341	4.304531811E-5
342	4.3371918757E-5
343	4.3444111159E-5
344	4.3999065137E-5
345	4.4429037059E-5
346	4.467720266E-5
347	4.4920722239E-5
348	4.4821570149E-5
349	4.4772929657E-5
350	4.4824501873E-5
351	4.4639456391E-5
352	4.4533683358E-5
353	4.4778703814E-5
354	4.4785864592E-5
355	4.4423144631E-5
356	4.4248873508E-5
357	4.4287534994E-5
358	4.4302462526E-5
359	4.4321454782E-5
360	4.4917330002E-5
361	4.5004531325E-5
362	4.4709647335E-5
363	4.4285908041E-5
364	4.4433482208E-5
365	4.4600368798E-5
366	4.4733983425E-5
367	4.4911880648E-5
368	4.4694881266E-5
369	4.4678503997E-5
370	4.501040766E-5
371	4.5414252774E-5
372	4.5370553334E-5
373	4.5791496172E-5
374	4.6174346209E-5
375	4.6360330884E-5
376	4.6052255629E-5
377	4.5912164253E-5
378	4.5796622271E-5
379	4.6018704184E-5
380	4.6398567511E-5
381	4.6491187252E-5
382	4.6467098075E-5
383	4.70573779E-5
384	4.7056215762E-5
385	4.7268168014E-5
386	4.7739098385E-5
387	4.792356884E-5
388	4.7588598523E-5
389	4.7687821678E-5
390	4.8302414523E-5
391	4.8644554533E-5
392	4.9027682821E-5
393	4.8934956028E-5
394	4.9056837576E-5
395	4.8919686023E-5
396	4.9360831646E-5
397	4.9520895334E-5
398	4.9668272756E-5
399	4.9769789068E-5
400	4.9541057391E-5
401	4.938480583E-5
402	4.9449544799E-5
403	4.9904650031E-5
404	4.9764386418E-5
405	4.9956109005E-5
406	4.9908791494E-5
407	5.0180947762E-5
408	5.0748573106E-5
409	5.1197767176E-5
410	5.1077544966E-5
411	5.1132070346E-5
412	5.1370274274E-5
413	5.1594009371E-5
414	5.1399769821E-5
415	5.1415993473E-5
416	5.1504836591E-5
417	5.1275249927E-5
418	5.1289200624E-5
419	5.0811651655E-5
420	5.064272864E-5
421	5.0895333472E-5
422	5.0870567092E-5
423	5.1430309029E-5
424	5.1777534548E-5
425	5.1928531685E-5
426	5.2427606512E-5
427	5.233061527E-5
428	5.2551154096E-5
429	5.2673227293E-5
430	5.2724468375E-5
431	5.3245981077E-5
432	5.3847142242E-5
433	5.3698863914E-5
434	5.3635836174E-5
435	5.3538870271E-5
436	5.4220989039E-5
437	5.4103543444E-5
438	5.4299438245E-5
439	5.3827488382E-5
440	5.3740388565E-5
441	5.3854052985E-5
442	5.3845273215E-5
443	5.405030062E-5
444	5.4442627094E-5
445	5.4142763816E-5
446	5.4185108978E-5
447	5.4064478921E-5
448	5.4604918126E-5
449	5.5324686303E-5
450	5.5487123212E-5
451	5.6079240786E-5
452	5.6403507962E-5
453	5.649461135E-5
454	5.6500937235E-5
455	5.6601127077E-5
456	5.6498433557E-5
457	5.7134709444E-5
458	5.770479572E-5
459	5.8150976416E-5
460	5.8022814885E-5
461	5.8454828914E-5
462	5.8890487823E-5
463	5.906532316E-5
464	5.9183094172E-5
465	5.9616028368E-5
466	5.9970755922E-5
467	5.9862627323E-5
468	5.9898734008E-5
469	6.002081469E-5
470	6.0116869345E-5
471	6.0164135268E-5
472	6.0193156857E-5
473	6.041571355E-5
474	6.0429195063E-5
475	6.0512606402E-5
476	6.0557739944E-5
477	6.084028807E-5
478	6.1293532103E-5
479	6.0979370656E-5
480	6.1044578725E-5
481	6.1158105695E-5
482	6.1028899037E-5
483	6.1718647498E-5
484	6.1957285751E-5
485	6.2452127148E-5
486	6.250502964E-5
487	6.2298633502E-5
488	6.2180403117E-5
489	6.2513739828E-5
490	6.2853648484E-5
491	6.2757929423E-5
492	6.2900479215E-5
493	6.2155011867E-5
494	6.2348285236E-5
495	6.2492286121E-5
496	6.2925831963E-5
497	6.3760386679E-5
498	6.3790798682E-5
499	6.3897063264E-5
500	6.3991663121E-5
501	6.4254433987E-5
502	6.4014676049E-5
503	6.3906773164E-5
504	6.4205593029E-5
505	6.4162134031E-5
506	6.3952921558E-5
507	6.3751128918E-5
508	6.3666214939E-5
509	6.311556778E-5
510	6.2959000481E-5
511	6.333588888E-5
512	6.3360276298E-5
513	6.3648084559E-5
514	6.3773674167E-5
515	6.3263287646E-5
516	6.3070160451E-5
517	6.2981772392E-5
518	6.2730053192E-5
519	6.3063749639E-5
520	6.2936428304E-5
521	6.3150687007E-5
522	6.3278040265E-5
523	6.3150912618E-5
524	6.3547398686E-5
525	6.3397569221E-5
526	6.33086712E-5
527	6.3420930014E-5
528	6.3108096881E-5
529	6.2855345551E-5
530	6.2610215542E-5
531	6.3554973814E-5
532	6.3659243332E-5
533	6.4063834524E-5
534	6.414062925E-5
535	6.4507822227E-5
536	6.4301199873E-5
537	6.4015734036E-5
538	6.4507414614E-5
539	6.44664146E-5
540	6.464649796E-5
541	6.5427967268E-5
542	6.5972997127E-5
543	6.6082893554E-5
544	6.6667743475E-5
545	6.6384789174E-5
546	6.6753424071E-5
547	6.6611948315E-5
548	6.6829897408E-5
549	6.6880540163E-5
550	6.6989654876E-5
551	6.7199693194E-5
552	6.7227779162E-5
553	6.6341392686E-5
554	6.6670249468E-5
555	6.7350472314E-5
556	6.7015014423E-5
557	6.7629803604E-5
558	6.8046975536E-5
559	6.8385838107E-5
560	6.8779684085E-5
561	6.8937570439E-5
562	6.897815467E-5
563	6.9077579632E-5
564	6.8714132675E-5
565	6.9077139888E-5
566	6.9218296429E-5
567	6.9735100313E-5
568	6.9747968495E-5
569	6.936344048E-5
570	6.9223822646E-5
571	6.9338291884E-5
572	6.8844508538E-5
573	6.9012439131E-5
574	6.8970112739E-5
575	6.918663615E-5
576	6.990689162E-5
577	6.9766964749E-5
578	6.9718981226E-5
579	6.9947737647E-5
580	7.0721105421E-5
581	7.087419577E-5
582	7.0684522232E-5
583	7.0587910431E-5
584	7.0586362451E-5
585	7.055390193E-5
586	7.0947253988E-5
587	7.0904655622E-5
588	7.0603903442E-5
589	7.1512271482E-5
590	7.1418989466E-5
591	7.1247381847E-5
592	7.1943051438E-5
593	7.1926625381E-5
594	7.1894804302E-5
595	7.1696179195E-5
596	7.171740609E-5
597	7.1360621133E-5
598	7.2281656274E-5
599	7.2000370594E-5
600	7.2280560639E-5
601	7.2347872349E-5
602	7.2542665087E-5
603	7.3132564287E-5
604	7.3209189782E-5
605	7.3185856284E-5
606	7.3476705056E-5
607	7.3290701914E-5
608	7.3247428934E-5
609	7.3224418196E-5
610	7.3925680964E-5
611	7.5011611012E-5
612	7.5074620232E-5
613	7.504972571E-5
614	7.5667514785E-5
615	7.5816282903E-5
616	7.5750770294E-5
617	7.5884075606E-5
618	7.5980124343E-5
619	7.6173671537E-5
620	7.6545936982E-5
621	7.7072678908E-5
622	7.6986803355E-5
623	7.7585457702E-5
624	7.7683625796E-5
625	7.78005612E-5
626	7.7759953796E-5
627	7.8051539912E-5
628	7.8274569846E-5
629	7.8231127689E-5
630	7.8386200025E-5
631	7.8318274619E-5
632	7.8554318238E-5
633	7.8748430558E-5
634	7.9214619795E-5
635	7.9410309161E-5
636	7.9707859467E-5
637	8.0561338514E-5
638	8.0308585654E-5
639	8.0541290301E-5
640	8.0114711356E-5
641	8.024462394E-5
642	8.0569555591E-5
643	8.1099348382E-5
644	8.1396958724E-5
645	8.1919899053E-5
646	8.2213892785E-5
647	8.2168498401E-5
648	8.1809123284E-5
649	8.2399044887E-5
650	8.2235121945E-5
651	8.244577895E-5
652	8.2814433631E-5
653	8.3725343885E-5
654	8.4166047287E-5
655	8.4777279667E-5
656	8.5078784898E-5
657	8.4422740711E-5
658	8.540665004E-5
659	8.572510705E-5
660	8.4551630484E-5
661	8.442823992E-5
662	8.4451153679E-5
663	8.4910116377E-5
664	8.5031130911E-5
665	8.5130014075E-5
666	8.5200753713E-5
667	8.5557107728E-5
668	8.5784495688E-5
669	8.6169833082E-5
670	8.5855381666E-5
671	8.5918375239E-5
672	8.5814541468E-5
673	8.6211409554E-5
674	8.5727687691E-5
675	8.6394189956E-5
676	8.5967954534E-5
677	8.6528088833E-5
678	8.579308556E-5
679	8.6503089831E-5
680	8.6920819846E-5
681	8.7153433006E-5
682	8.7313679902E-5
683	8.7889960421E-5
684	8.8171738023E-5
685	8.8286912725E-5
686	8.9028347023E-5
687	8.971670794E-5
688	8.9417383636E-5
689	8.8649860037E-5
690	8.8298259743E-5
691	8.922742703E-5
692	8.8729576582E-5
693	8.9197492688E-5
694	8.9033653037E-5
695	8.8923581541E-5
696	8.9059227514E-5
697	8.960335148E-5
698	8.9503261621E-5
699	8.9838315526E-5
700	8.9810230846E-5
701	8.957953702E-5
702	9.0153894284E-5
703	9.0134575336E-5
704	9.0201238615E-5
705	9.0725860094E-5
706	9.1658309877E-5
707	9.1802697423E-5
708	9.1706805449E-5
709	9.1710502657E-5
710	9.1689104729E-5
711	9.1839454926E-5
712	9.1693395912E-5
713	9.2181342184E-5
714	9.2371908149E-5
715	9.2620516302E-5
716	9.3012010541E-5
717	9.3047795792E-5
718	9.3659864535E-5
719	9.3987183862E-5
720	9.4105528057E-5
721	9.3516083448E-5
722	9.3084964999E-5
723	9.3314722687E-5
724	9.3868850363E-5
725	9.5021000133E-5
726	9.4520758217E-5
727	9.47225143E-5
728	9.4360936765E-5
729	9.533821861E-5
730	9.4699829792E-5
731	9.5123942854E-5
732	9.5450010647E-5
733	9.6136068864E-5
734	9.6380624151E-5
735	9.6668336754E-5
736	9.7082561488E-5
737	9.6670953676E-5
738	9.6487133842E-5
739	9.7764535893E-5
740	9.666280522E-5
741	9.7162852118E-5
742	9.7497987045E-5
743	9.7733162881E-5
744	9.8180157197E-5
745	9.7756144395E-5
746	9.8714791852E-5
747	9.8607036575E-5
748	9.8458196832E-5
749	9.8252682345E-5
750	9.9146710802E-5
751	9.9848948238E-5
752	9.918763218E-5
753	9.8867989448E-5
754	9.9565600722E-5
755	9.9893855951E-5
756	1.0023244451E-4
757	1.0036338214E-4
758	1.0098883796E-4
759	1.0178011378E-4
760	1.0094924338E-4
761	1.0056632739E-4
762	1.008616654E-4
763	1.0055502094E-4
764	1.0098018903E-4
765	1.0106640568E-4
766	1.0184596164E-4
767	1.0148994741E-4
768	1.020448333E-4
769	1.0139999509E-4
770	1.017382807E-4
771	1.0186887041E-4
772	1.0253692032E-4
773	1.0324342038E-4
774	1.0400187223E-4
775	1.0395022232E-4
776	1.0426261838E-4
777	1.0366836826E-4
778	1.0425969464E-4
779	1.0465543733E-4
780	1.047686668E-4
781	1.0397887884E-4
782	1.0422445227E-4
783	1.0435637477E-4
784	1.0483186808E-4
785	1.046647087E-4
786	1.0524547041E-4
787	1.0464947353E-4
788	1.0490405991E-4
789	1.0389182174E-4
790	1.0383109645E-4
791	1.037918773E-4
792	1.0398006804E-4
793	1.0462097226E-4
794	1.0505875624E-4
795	1.046011619E-4
796	1.0465549747E-4
797	1.0468246398E-4
798	1.0428430436E-4
799	1.0425327513E-4
800	1.0533167074E-4
801	1.0494645476E-4
802	1.0406333889E-4
803	1.035184157E-4
804	1.0430930173E-4
805	1.0364261219E-4
806	1.0499565522E-4
807	1.0575958808E-4
808	1.0770885905E-4
809	1.0798649318E-4
810	1.0757135306E-4
811	1.0864696468E-4
812	1.0840831942E-4
813	1.0869985815E-4
814	1.0898296155E-4
815	1.0888797758E-4
816	1.0925556118E-4
817	1.0945672036E-4
818	1.0941984888E-4
819	1.0987448306E-4
820	1.0972592776E-4
821	1.0935043915E-4
822	1.0926870994E-4
823	1.0905654179E-4
824	1.0879968987E-4
825	1.0906927973E-4
826	1.0858113211E-4
827	1.0885591851E-4
828	1.0881388154E-4
829	1.105935175E-4
830	1.1133505438E-4
831	1.1118160884E-4
832	1.1141143893E-4
833	1.1160280657E-4
834	1.1031265804E-4
835	1.097643946E-4
836	1.1005292581E-4
837	1.1086734401E-4
838	1.110318489E-4
839	1.112211881E-4
840	1.114739787E-4
841	1.1243176302E-4
842	1.1250371309E-4
843	1.1333806904E-4
844	1.1307915248E-4
845	1.1295668617E-4
846	1.1318377877E-4
847	1.1382789858E-4
848	1.1459110746E-4
849	1.1434346995E-4
850	1.1653605399E-4
851	1.159580205E-4
852	1.1591794187E-4
853	1.1628080564E-4
854	1.1629052436E-4
855	1.1734921877E-4
856	1.1775285865E-4
857	1.1781221411E-4
858	1.1795328665E-4
859	1.1745199644E-4
860	1.1772117841E-4
861	1.1775286122E-4
862	1.1838512874E-4
863	1.1905573585E-4
864	1.1962269166E-4
865	1.1983452882E-4
866	1.2020722855E-4
867	1.2127419433E-4
868	1.2150484368E-4
869	1.2238990142E-4
870	1.2346411451E-4
871	1.2492251668E-4
872	1.2533291728E-4
873	1.2549208419E-4
874	1.2496901893E-4
875	1.248975919E-4
876	1.2614238367E-4
877	1.2603405938E-4
878	1.2564413388E-4
879	1.2600366158E-4
880	1.2643464726E-4
881	1.2677832439E-4
882	1.2751221277E-4
883	1.2844461199E-4
884	1.2867025479E-4
885	1.2849983403E-4
886	1.2790165683E-4
887	1.2874807218E-4
888	1.2970928605E-4
889	1.298491647E-4
890	1.2914167954E-4
891	1.293068624E-4
892	1.2973574412E-4
893	1.2955669386E-4
894	1.2940019663E-4
895	1.290127702E-4
896	1.28265257E-4
897	1.2880350789E-4
898	1.2890873183E-4
899	1.2934759329E-4
900	1.3047922191E-4
901	1.320132087E-4
902	1.3260536837E-4
903	1.3207000086E-4
904	1.3219891826E-4
905	1.3136327168E-4
906	1.3165957299E-4
907	1.3138657388E-4
908	1.3215471297E-4
909	1.3254430955E-4
910	1.326803343E-4
911	1.3217975301E-4
912	1.319448182E-4
913	1.3231029376E-4
914	1.3300999138E-4
915	1.3313498007E-4
916	1.3476329078E-4
917	1.3392752241E-4
918	1.3450809809E-4
919	1.3467403598E-4
920	1.3503024791E-4
921	1.3578001978E-4
922	1.3605240734E-4
923	1.3644187693E-4
924	1.3780212486E-4
925	1.3907767358E-4
926	1.3857610131E-4
927	1.3886233479E-4
928	1.3852566808E-4
929	1.3850624511E-4
930	1.39589121E-4
931	1.4109513617E-4
932	1.4148499405E-4
933	1.4203766186E-4
934	1.4317713145E-4
935	1.44036058E-4
936	1.4402676525E-4
937	1.4435503035E-4
938	1.4495433074E-4
939	1.4519265186E-4
940	1.4593124929E-4
941	1.4673523853E-4
942	1.4604899213E-4
943	1.4640480546E-4
944	1.4615633976E-4
945	1.4677232171E-4
946	1.4825678259E-4
947	1.4823438615E-4
948	1.4946064944E-4
949	1.4935599203E-4
950	1.5015404442E-4
951	1.5040506487E-4
952	1.5017806551E-4
953	1.5047212787E-4
954	1.5075503762E-4
955	1.5030950447E-4
956	1.5057890043E-4
957	1.5101411152E-4
958	1.5192040269E-4
959	1.526062791E-4
960	1.5257077246E-4
961	1.526047056E-4
962	1.5337407597E-4
963	1.5464560184E-4
964	1.5416767265E-4
965	1.5467222703E-4
966	1.5445584048E-4
967	1.5465518942E-4
968	1.5498818365E-4
969	1.5581494737E-4
970	1.5564521238E-4
971	1.5623199043E-4
972	1.5571941641E-4
973	1.5594070777E-4
974	1.5797349476E-4
975	1.5823795158E-4
976	1.5797418531E-4
977	1.5828064139E-4
978	1.5847136508E-4
979	1.587527564E-4
980	1.5814158039E-4
981	1.5938363717E-4
982	1.6038362616E-4
983	1.6125602792E-4
984	1.6265728812E-4
985	1.621524619E-4
986	1.6312101762E-4
987	1.6269942946E-4
988	1.6248918101E-4
989	1.6266278502E-4
990	1.6275329332E-4
991	1.6268808305E-4
992	1.6208269256E-4
993	1.6280723574E-4
994	1.6325333065E-4
995	1.630050973E-4
996	1.6309001851E-4
997	1.6357769862E-4
998	1.6464885808E-4
999	1.6358399854E-4
1000	1.6285231443E-4
1001	1.6248944662E-4
1002	1.6247027365E-4
1003	1.6385842094E-4
1004	1.6555855519E-4
1005	1.6641315878E-4
1006	1.664118274E-4
1007	1.6779224318E-4
1008	1.6745908928E-4
1009	1.6805638442E-4
1010	1.6699259705E-4
1011	1.6666012465E-4
1012	1.6620370707E-4
1013	1.6621429882E-4
1014	1.6668269193E-4
1015	1.668221474E-4
1016	1.6785560668E-4
1017	1.6723159615E-4
1018	1.6768980971E-4
1019	1.6700088749E-4
1020	1.6617768908E-4
1021	1.6572142313E-4
1022	1.6552344981E-4
1023	1.6509301852E-4
1024	1.6587186624E-4
1025	1.6403578486E-4
1026	1.6465613339E-4
1027	1.6538537002E-4
1028	1.6513300117E-4
1029	1.662103383E-4
1030	1.6676810509E-4
1031	1.6690361542E-4
1032	1.6797454981E-4
1033	1.6821856312E-4
1034	1.6642984721E-4
1035	1.669709654E-4
1036	1.6667990123E-4
1037	1.674716979E-4
1038	1.6986127957E-4
1039	1.6994193976E-4
1040	1.7028743574E-4
1041	1.6937209865E-4
1042	1.7092160029E-4
1043	1.7087738771E-4
1044	1.7103321941E-4
1045	1.7068600662E-4
1046	1.7056846134E-4
1047	1.7035808169E-4
1048	1.7073980793E-4
1049	1.7201306571E-4
1050	1.722090818E-4
1051	1.719557281E-4
1052	1.7180002615E-4
1053	1.7097861209E-4
1054	1.7057216417E-4
1055	1.7156835065E-4
1056	1.7151209968E-4
1057	1.72084132E-4
1058	1.7308601051E-4
1059	1.743519793E-4
1060	1.7505884095E-4
1061	1.7543738936E-4
1062	1.7626446353E-4
1063	1.7647617773E-4
1064	1.775821017E-4
1065	1.7819502966E-4
1066	1.7874614451E-4
1067	1.7905357064E-4
1068	1.7801565067E-4
1069	1.7784728626E-4
1070	1.7851122471E-4
1071	1.7849818178E-4
1072	1.7761546084E-4
1073	1.7833070358E-4
1074	1.7765047872E-4
1075	1.7755055608E-4
1076	1.7810924832E-4
1077	1.7917245258E-4
1078	1.8010222733E-4
1079	1.8117409997E-4
1080	1.815639509E-4
1081	1.8288185345E-4
1082	1.8294074861E-4
1083	1.8292357126E-4
1084	1.8307268315E-4
1085	1.8284675484E-4
1086	1.8289147298E-4
1087	1.8360508665E-4
1088	1.8382617105E-4
1089	1.8546859454E-4
1090	1.8646508108E-4
1091	1.8755282685E-4
1092	1.882070274E-4
1093	1.8778715249E-4
1094	1.8919459617E-4
1095	1.8977549408E-4
1096	1.9090689527E-4
1097	1.912437707E-4
1098	1.9168949929E-4
1099	1.9106987799E-4
1100	1.9091076986E-4
1101	1.9120109103E-4
1102	1.9240011271E-4
1103	1.9237332497E-4
1104	1.9242177371E-4
1105	1.9302529238E-4
1106	1.9334854464E-4
1107	1.9327103985E-4
1108	1.9256973442E-4
1109	1.9292203514E-4
1110	1.9205825485E-4
1111	1.9257582378E-4
1112	1.9272221101E-4
1113	1.9261719579E-4
1114	1.93991527E-4
1115	1.9388727557E-4
1116	1.9371894481E-4
1117	1.9397340898E-4
1118	1.9473286852E-4
1119	1.9647728367E-4
1120	1.9684763662E-4
1121	1.9726833635E-4
1122	1.9761932021E-4
1123	1.9822553617E-4
1124	2.0010721756E-4
1125	2.0108729036E-4
1126	2.0194855666E-4
1127	2.0227461575E-4
1128	2.0147087919E-4
1129	2.0137929728E-4
1130	2.0156785234E-4
1131	2.0222583032E-4
1132	2.0281292504E-4
1133	2.0433194609E-4
1134	2.038696513E-4
1135	2.0426915813E-4
1136	2.0492852219E-4
1137	2.0563982132E-4
1138	2.072543412E-4
1139	2.0838225283E-4
1140	2.0929405114E-4
1141	2.1020893053E-4
1142	2.1081257613E-4
1143	2.1155124292E-4
1144	2.121442816E-4
1145	2.1155398857E-4
1146	2.1236259347E-4
1147	2.1232508119E-4
1148	2.1365007231E-4
1149	2.1430073217E-4
1150	2.1369728033E-4
1151	2.1306353394E-4
1152	2.1373407694E-4
1153	2.1345684793E-4
1154	2.1382919785E-4
1155	2.1381454996E-4
1156	2.1518985921E-4
1157	2.1695331431E-4
1158	2.1730882125E-4
1159	2.1941136454E-4
1160	2.1892230279E-4
1161	2.1942247743E-4
1162	2.1974754811E-4
1163	2.2131352361E-4
1164	2.2111411039E-4
1165	2.2248188579E-4
1166	2.2323125865E-4
1167	2.2382825862E-4
1168	2.2559924635E-4
1169	2.2532509313E-4
1170	2.2492284867E-4
1171	2.2538226031E-4
1172	2.2505708036E-4
1173	2.2469146596E-4
1174	2.243076972E-4
1175	2.2493991259E-4
1176	2.2463038979E-4
1177	2.2656499759E-4
1178	2.2806460401E-4
1179	2.2857455807E-4
1180	2.2855419691E-4
1181	2.2888267869E-4
1182	2.2992302805E-4
1183	2.3048222466E-4
1184	2.3189904817E-4
1185	2.3226340172E-4
1186	2.3347308842E-4
1187	2.3306447545E-4
1188	2.3346437519E-4
1189	2.3394832255E-4
1190	2.3591575405E-4
1191	2.3634451195E-4
1192	2.3706120199E-4
1193	2.3767100869E-4
1194	2.394539053E-4
1195	2.3963899313E-4
1196	2.3972354892E-4
1197	2.3949706775E-4
1198	2.4037942888E-4
1199	2.4038176476E-4
1200	2.3778992349E-4
1201	2.3944946936E-4
1202	2.4142899943E-4
1203	2.4198326649E-4
1204	2.4227565097E-4
1205	2.4333614647E-4
1206	2.4447689692E-4
1207	2.4492432211E-4
1208	2.4580790404E-4
1209	2.4704733382E-4
1210	2.473103442E-4
1211	2.4886270436E-4
1212	2.4870335366E-4
1213	2.4859110873E-4
1214	2.4884097638E-4
1215	2.4866013061E-4
1216	2.4914675715E-4
1217	2.4932854348E-4
1218	2.5061734775E-4
1219	2.5083544527E-4
1220	2.5165629518E-4
1221	2.5220751958E-4
1222	2.5262797564E-4
1223	2.5279344827E-4
1224	2.5308899847E-4
1225	2.5334914704E-4
1226	2.542055172E-4
1227	2.5533548342E-4
1228	2.5589987271E-4
1229	2.5761998569E-4
1230	2.5732896247E-4
1231	2.5757204717E-4
1232	2.5777090842E-4
1233	2.5819167148E-4
1234	2.5939224727E-4
1235	2.6020759849E-4
1236	2.6085215163E-4
1237	2.615823388E-4
1238	2.6106679339E-4
1239	2.6100018045E-4
1240	2.6207072907E-4
1241	2.6184776967E-4
1242	2.6239445379E-4
1243	2.63175397E-4
1244	2.637847459E-4
1245	2.6599511601E-4
1246	2.6718356206E-4
1247	2.6818356091E-4
1248	2.6948187872E-4
1249	2.6966698098E-4
1250	2.7180566401E-4
1251	2.7313128139E-4
1252	2.7573444717E-4
1253	2.7669891517E-4
1254	2.7887087279E-4
1255	2.7909686534E-4
1256	2.7954414955E-4
1257	2.8000409072E-4
1258	2.792179704E-4
1259	2.797079983E-4
1260	2.8054456435E-4
1261	2.8073820892E-4
1262	2.8090068687E-4
1263	2.825748109E-4
1264	2.8211036194E-4
1265	2.8249046814E-4
1266	2.8372342718E-4
1267	2.8382166482E-4
1268	2.8630326841E-4
1269	2.8676853211E-4
1270	2.8790354589E-4
1271	2.876766434E-4
1272	2.8789342317E-4
1273	2.8815279474E-4
1274	2.8804110869E-4
1275	2.889388349E-4
1276	2.8976905219E-4
1277	2.9060730241E-4
1278	2.9090150178E-4
1279	2.916951235E-4
1280	2.9274092131E-4
1281	2.9494795823E-4
1282	2.9660081516E-4
1283	2.9679923029E-4
1284	2.9548192733E-4
1285	2.9634792437E-4
1286	2.971267361E-4
1287	2.9718548871E-4
1288	2.9659308497E-4
1289	2.9687387565E-4
1290	2.9735606617E-4
1291	2.9828681341E-4
1292	3.006353773E-4
1293	3.0195803119E-4
1294	3.0364186401E-4
1295	3.052071626E-4
1296	3.0426660887E-4
1297	3.0445684455E-4
1298	3.0480754738E-4
1299	3.0551925412E-4
1300	3.051387287E-4
1301	3.0552863408E-4
1302	3.0534293802E-4
1303	3.083518208E-4
1304	3.1060647568E-4
1305	3.1056761998E-4
1306	3.1096304547E-4
1307	3.1204475166E-4
1308	3.1223623487E-4
1309	3.132555848E-4
1310	3.1358804571E-4
1311	3.1469796735E-4
1312	3.1564937917E-4
1313	3.1729358931E-4
1314	3.1835959756E-4
1315	3.2036896433E-4
1316	3.2112617379E-4
1317	3.2120722946E-4
1318	3.219998482E-4
1319	3.2258727216E-4
1320	3.2193313501E-4
1321	3.2213545751E-4
1322	3.2297395271E-4
1323	3.2231868467E-4
1324	3.2293942967E-4
1325	3.2446887991E-4
1326	3.2556721102E-4
1327	3.2626113838E-4
1328	3.2747822023E-4
1329	3.2729578176E-4
1330	3.2648088618E-4
1331	3.2870964685E-4
1332	3.2840987895E-4
1333	3.3024498018E-4
1334	3.310827199E-4
1335	3.3270569549E-4
1336	3.3334200478E-4
1337	3.3363355545E-4
1338	3.361164554E-4
1339	3.3512725363E-4
1340	3.3483461413E-4
1341	3.3745297867E-4
1342	3.3862069004E-4
1343	3.4039086291E-4
1344	3.4048267791E-4
1345	3.4173145029E-4
1346	3.433188392E-4
1347	3.4508358619E-4
1348	3.4613008235E-4
1349	3.4673703131E-4
1350	3.4814364645E-4
1351	3.4902978609E-4
1352	3.5097842568E-4
1353	3.5262700863E-4
1354	3.5363745746E-4
1355	3.5244007133E-4
1356	3.5393955678E-4
1357	3.5488050369E-4
1358	3.5474780265E-4
1359	3.5607085832E-4
1360	3.5743109302E-4
1361	3.5790623477E-4
1362	3.5819474679E-4
1363	3.5796209847E-4
1364	3.5686858514E-4
1365	3.5565969301E-4
1366	3.5581828034E-4
1367	3.5633954939E-4
1368	3.5681237629E-4
1369	3.5877057682E-4
1370	3.5946579044E-4
1371	3.5948153108E-4
1372	3.5976398429E-4
1373	3.5940380631E-4
1374	3.6051348751E-4
1375	3.6119552793E-4
1376	3.6110107556E-4
1377	3.5944923864E-4
1378	3.5967804815E-4
1379	3.5971352907E-4
1380	3.5994207234E-4
1381	3.5925228739E-4
1382	3.6112598613E-4
1383	3.6203870576E-4
1384	3.6159764065E-4
1385	3.6077699843E-4
1386	3.6215822055E-4
1387	3.62480818E-4
1388	3.6364499142E-4
1389	3.6352512484E-4
1390	3.6385375628E-4
1391	3.6363128515E-4
1392	3.6395948623E-4
1393	3.6479968127E-4
1394	3.6366761491E-4
1395	3.6284951198E-4
1396	3.6380077481E-4
1397	3.6416543696E-4
1398	3.6509156952E-4
1399	3.6503990001E-4
1400	3.6480339073E-4
1401	3.6662285537E-4
1402	3.6892264148E-4
1403	3.6936273955E-4
1404	3.6990459237E-4
1405	3.7004697695E-4
1406	3.7100463093E-4
1407	3.7135390199E-4
1408	3.7322179905E-4
1409	3.7410453248E-4
1410	3.7430799248E-4
1411	3.7670388178E-4
1412	3.7834622292E-4
1413	3.7929393777E-4
1414	3.7927602627E-4
1415	3.7982912811E-4
1416	3.8111956185E-4
1417	3.8233131691E-4
1418	3.8324244062E-4
1419	3.8551904897E-4
1420	3.8463342188E-4
1421	3.8531287345E-4
1422	3.8664337064E-4
1423	3.858228312E-4
1424	3.8703066398E-4
1425	3.8947705461E-4
1426	3.903707357E-4
1427	3.9030158958E-4
1428	3.9049449978E-4
1429	3.9067172981E-4
1430	3.907684408E-4
1431	3.9067803138E-4
1432	3.8957353009E-4
1433	3.894803628E-4
1434	3.9016756191E-4
1435	3.9127441762E-4
1436	3.9093532547E-4
1437	3.928398248E-4
1438	3.9444248292E-4
1439	3.9445079909E-4
1440	3.9424349359E-4
1441	3.9507869027E-4
1442	3.9580601362E-4
1443	3.9461112484E-4
1444	3.9520534703E-4
1445	3.9677644417E-4
1446	3.9709738747E-4
1447	3.9931430304E-4
1448	4.0100116725E-4
1449	4.0256332626E-4
1450	4.0257345616E-4
1451	4.0302105412E-4
1452	4.0563353244E-4
1453	4.0625894956E-4
1454	4.0676039242E-4
1455	4.0878115631E-4
1456	4.0704047149E-4
1457	4.0976240979E-4
1458	4.091130036E-4
1459	4.0863118801E-4
1460	4.101336078E-4
1461	4.0932562099E-4
1462	4.0958087497E-4
1463	4.0946391715E-4
1464	4.0925241113E-4
1465	4.0847170842E-4
1466	4.0939855641E-4
1467	4.0978818585E-4
1468	4.1128622305E-4
1469	4.1221342893E-4
1470	4.1358040513E-4
1471	4.1582134293E-4
1472	4.1676733804E-4
1473	4.1798949869E-4
1474	4.2015421012E-4
1475	4.2189183302E-4
1476	4.2320123854E-4
1477	4.2435628216E-4
1478	4.2431434112E-4
1479	4.2494701388E-4
1480	4.2636924541E-4
1481	4.2858269757E-4
1482	4.30365897E-4
1483	4.2942749771E-4
1484	4.3130441119E-4
1485	4.3261557619E-4
1486	4.3228404765E-4
1487	4.3232980066E-4
1488	4.3325345052E-4
1489	4.3447466478E-4
1490	4.3436717494E-4
1491	4.3625935687E-4
1492	4.3683128523E-4
1493	4.379167764E-4
1494	4.386067281E-4
1495	4.3884798722E-4
1496	4.4059682103E-4
1497	4.4142328868E-4
1498	4.4182804609E-4
1499	4.4374879515E-4
1500	4.4436039328E-4
1501	4.4358040784E-4
1502	4.4423803716E-4
1503	4.4497027425E-4
1504	4.4576002954E-4
1505	4.4605609296E-4
1506	4.4793531841E-4
1507	4.4879683798E-4
1508	4.5027394521E-4
1509	4.5225177803E-4
1510	4.5376109281E-4
1511	4.5318336561E-4
1512	4.5525619205E-4
1513	4.5700156374E-4
1514	4.5646115093E-4
1515	4.5649710704E-4
1516	4.5757131375E-4
1517	4.5968396121E-4
1518	4.6130230647E-4
1519	4.6339412966E-4
1520	4.6622560861E-4
1521	4.6642606558E-4
1522	4.6777058684E-4
1523	4.6841190929E-4
1524	4.6826629428E-4
1525	4.6929960106E-4
1526	4.7128878519E-4
1527	4.7090333493E-4
1528	4.7034668442E-4
1529	4.7177238238E-4
1530	4.7402282392E-4
1531	4.7267175312E-4
1532	4.7304899538E-4
1533	4.7321183024E-4
1534	4.7459762153E-4
1535	4.7507021926E-4
1536	4.7658186107E-4
1537	4.7584957226E-4
1538	4.7682022979E-4
1539	4.7683319169E-4
1540	4.7706417709E-4
1541	4.7869179871E-4
1542	4.7934545358E-4
1543	4.7949047421E-4
1544	4.799491424E-4
1545	4.798503376E-4
1546	4.8092333824E-4
1547	4.8395275436E-4
1548	4.8137172566E-4
1549	4.8074294859E-4
1550	4.8111167638E-4
1551	4.8211301977E-4
1552	4.8373366533E-4
1553	4.8384478482E-4
1554	4.8382284365E-4
1555	4.8608626962E-4
1556	4.8769236621E-4
1557	4.9067086199E-4
1558	4.9257837882E-4
1559	4.946417685E-4
1560	4.9605973741E-4
1561	4.9766813825E-4
1562	5.0103427129E-4
1563	5.0178721214E-4
1564	5.0199211497E-4
1565	5.0266905834E-4
1566	5.0483172074E-4
1567	5.0728464965E-4
1568	5.0806814344E-4
1569	5.0823564099E-4
1570	5.0843018056E-4
1571	5.1003998311E-4
1572	5.1281989972E-4
1573	5.1271163792E-4
1574	5.1507185383E-4
1575	5.163853997E-4
1576	5.1524047227E-4
1577	5.1735739133E-4
1578	5.1905431716E-4
1579	5.2102388738E-4
1580	5.2075420429E-4
1581	5.2134083916E-4
1582	5.23682352E-4
1583	5.2534331497E-4
1584	5.2364116956E-4
1585	5.2440920004E-4
1586	5.2637999385E-4
1587	5.2743559566E-4
1588	5.2649608342E-4
1589	5.288061445E-4
1590	5.296846903E-4
1591	5.3027880844E-4
1592	5.3208786718E-4
1593	5.3120503623E-4
1594	5.3481675625E-4
1595	5.3673557926E-4
1596	5.3980574481E-4
1597	5.3985719339E-4
1598	5.4079681762E-4
1599	5.4137779631E-4
1600	5.4282734249E-4
1601	5.4611218371E-4
1602	5.4778076797E-4
1603	5.5003370786E-4
1604	5.4970429857E-4
1605	5.5088239755E-4
1606	5.5230720013E-4
1607	5.5356633915E-4
1608	5.5398702156E-4
1609	5.5478682127E-4
1610	5.5586071814E-4
1611	5.5468443824E-4
1612	5.5647784631E-4
1613	5.5620637323E-4
1614	5.5689543419E-4
1615	5.5766857889E-4
1616	5.5863648742E-4
1617	5.5904452858E-4
1618	5.6076804674E-4
1619	5.6191794693E-4
1620	5.6333694733E-4
1621	5.6478437248E-4
1622	5.6584904557E-4
1623	5.6685929783E-4
1624	5.6824757866E-4
1625	5.7010560873E-4
1626	5.7033983915E-4
1627	5.7059227864E-4
1628	5.7264628952E-4
1629	5.7463887771E-4
1630	5.7581614754E-4
1631	5.7688888952E-4
1632	5.7590064545E-4
1633	5.7825949713E-4
1634	5.8044636022E-4
1635	5.8140343464E-4
1636	5.8274983064E-4
1637	5.8247479747E-4
1638	5.8420669239E-4
1639	5.8604862975E-4
1640	5.8720206189E-4
1641	5.8838807289E-4
1642	5.8957999566E-4
1643	5.904069955E-4
1644	5.915082483E-4
1645	5.9485916533E-4
1646	5.9635233991E-4
1647	5.9902810593E-4
1648	5.9986948519E-4
1649	6.0000260237E-4
1650	6.0126419034E-4
1651	6.0355240881E-4
1652	6.0537409965E-4
1653	6.0595409624E-4
1654	6.0831735926E-4
1655	6.0990006065E-4
1656	6.1075858415E-4
1657	6.1166861073E-4
1658	6.1206018447E-4
1659	6.1183915952E-4
1660	6.1206567591E-4
1661	6.1137065778E-4
1662	6.1522477276E-4
1663	6.179267221E-4
1664	6.1897354942E-4
1665	6.1927564557E-4
1666	6.19545483E-4
1667	6.2048415168E-4
1668	6.2144250179E-4
1669	6.2097084574E-4
1670	6.2228952877E-4
1671	6.2403480226E-4
1672	6.2522553372E-4
1673	6.258250853E-4
1674	6.2976659504E-4
1675	6.2973625087E-4
1676	6.3178424321E-4
1677	6.3342391701E-4
1678	6.3567368661E-4
1679	6.3883570947E-4
1680	6.4032123337E-4
1681	6.4180823027E-4
1682	6.4289606533E-4
1683	6.4270730314E-4
1684	6.4508574355E-4
1685	6.4780953751E-4
1686	6.5062769341E-4
1687	6.5162606273E-4
1688	6.5239660869E-4
1689	6.540212894E-4
1690	6.5526813074E-4
1691	6.5694967704E-4
1692	6.5813033126E-4
1693	6.6044223952E-4
1694	6.6510368551E-4
1695	6.6688645801E-4
1696	6.6720324902E-4
1697	6.703578574E-4
1698	6.7183745826E-4
1699	6.7351136886E-4
1700	6.7409129866E-4
1701	6.7712519152E-4
1702	6.7928322429E-4
1703	6.812191713E-4
1704	6.8448598784E-4
1705	6.8340901642E-4
1706	6.8399393151E-4
1707	6.8704963664E-4
1708	6.8605273659E-4
1709	6.8756793358E-4
1710	6.8938010533E-4
1711	6.9066881247E-4
1712	6.9298976446E-4
1713	6.9326016454E-4
1714	6.9484516975E-4
1715	6.9737093789E-4
1716	6.991669077E-4
1717	7.0159011805E-4
1718	7.0294533364E-4
1719	7.0209136063E-4
1720	7.0395148643E-4
1721	7.062595191E-4
1722	7.0550443113E-4
1723	7.0641277054E-4
1724	7.0579392448E-4
1725	7.058708514E-4
1726	7.0765594373E-4
1727	7.0964461269E-4
1728	7.1287482705E-4
1729	7.1413710478E-4
1730	7.1402874042E-4
1731	7.1376661288E-4
1732	7.1860863949E-4
1733	7.1910138426E-4
1734	7.1913268575E-4
1735	7.1687702526E-4
1736	7.1813435675E-4
1737	7.207318038E-4
1738	7.2380907339E-4
1739	7.2542970008E-4
1740	7.2680790727E-4
1741	7.2733420757E-4
1742	7.2833516042E-4
1743	7.3060235775E-4
1744	7.3259744946E-4
1745	7.3591042585E-4
1746	7.3573288011E-4
1747	7.3584505953E-4
1748	7.3843011363E-4
1749	7.3660086287E-4
1750	7.4093977975E-4
1751	7.3986957913E-4
1752	7.4079065703E-4
1753	7.4401546894E-4
1754	7.4745217065E-4
1755	7.4925365238E-4
1756	7.5082582561E-4
1757	7.5357087142E-4
1758	7.545850538E-4
1759	7.5518197546E-4
1760	7.5660343706E-4
1761	7.6006766946E-4
1762	7.5999503195E-4
1763	7.6077614571E-4
1764	7.5996114346E-4
1765	7.6154507449E-4
1766	7.6188437181E-4
1767	7.6331419937E-4
1768	7.6562489034E-4
1769	7.6984289926E-4
1770	7.7345447873E-4
1771	7.776388945E-4
1772	7.7711590005E-4
1773	7.7852457069E-4
1774	7.8028352286E-4
1775	7.8289464611E-4
1776	7.8372392824E-4
1777	7.866145831E-4
1778	7.8761065766E-4
1779	7.8853149443E-4
1780	7.8900426299E-4
1781	7.8881514721E-4
1782	7.8972049854E-4
1783	7.8910172874E-4
1784	7.9043324815E-4
1785	7.9023709467E-4
1786	7.895178006E-4
1787	7.8777716897E-4
1788	7.8853920467E-4
1789	7.9077503839E-4
1790	7.9190862131E-4
1791	7.9507472042E-4
1792	7.9634828791E-4
1793	7.9766093705E-4
1794	7.9486100932E-4
1795	7.9707768589E-4
1796	7.9934026993E-4
1797	7.9978766455E-4
1798	8.016646589E-4
1799	8.0357274475E-4
1800	8.0289936977E-4
1801	8.046736201E-4
1802	8.0712141082E-4
1803	8.0903977243E-4
1804	8.1012267807E-4
1805	8.1391364995E-4
1806	8.1809645198E-4
1807	8.2436359968E-4
1808	8.2735082865E-4
1809	8.2748552086E-4
1810	8.2839924783E-4
1811	8.3016972806E-4
1812	8.2894744189E-4
1813	8.3164508025E-4
1814	8.332242241E-4
1815	8.3233013795E-4
1816	8.3218246215E-4
1817	8.3337284617E-4
1818	8.3478535248E-4
1819	8.3502917175E-4
1820	8.3733889139E-4
1821	8.3735306021E-4
1822	8.408176299E-4
1823	8.4349887245E-4
1824	8.4403403968E-4
1825	8.4413816589E-4
1826	8.4628787309E-4
1827	8.4861021027E-4
1828	8.4939760439E-4
1829	8.4969726796E-4
1830	8.4926146401E-4
1831	8.5094321562E-4
1832	8.5542990929E-4
1833	8.609518241E-4
1834	8.6194135956E-4
1835	8.6521518066E-4
1836	8.6946137329E-4
1837	8.7022527836E-4
1838	8.7177882353E-4
1839	8.7181789658E-4
1840	8.7594845125E-4
